mum mmm. 199

W m 15519. 519 1119199 19999, 115 31551111199999 19
9115119 9991119599) 599111) 1))199 91 199191 1111111599 honestum 11991

5911199599 19199 9591 9))199111159115195119999. Die 1111191999 1911519
1119)) 15991191 591 1199911199) 1599 9191111199 59191111 (ingenium,

9111119) 1911911 11) 11151 599 8991159 91111 1919111199, 591119 natura
91911191 9911991599951111) 19 19119) 11) 991, 911 519 11119119 15919191,
1991 11991911 599 119111 1191995911 1999511 1199999599, 1191 19 511191) 1119

1119 5515191199 591 59119199 511 111911 9191115911 5911 5115911 9911511159·
m 11191111111151911911 9991199919 1911911119..

· Sed 9199119191) at 1)) mitia—2· *999991 111 maximum
991, 99111 1119991911 911 15191599 maximi 9191119911991, 91 111 ete
1995 11)) 1511111911, 11991 lx, 19)) .1ἕλ’). 9911191111) est. 5111
1911111 59ῦ199 59) 11119919) 91 111 519 1199911915), 9919111111, 1.ι
5111, 4511) 3116. 15991) 59191 191511 99999 519 599515111151191191
’1911111 991 19 519115 1111111 111919, 1959)·19 19115911 51119111, ὒς
1158911 1111111 1999119991-591191,1911591191) 9), 591 5911 5115199
591 591191519919 5991 111911 5919111911Ι ‘morte 591 5199919111, illud 111
1959)) 191 119991.) W, 11119). 11111 15119591 11911159119.
CXXW„ 51111 1915 5195919Ρ1) 5951 111) 1959911 19115191999991111599,
19911591 91911591 591119 5161, 11191191), 9951191511, 1911 9959111 19991.
99) 5959919959)9119191119,99599,9191199.1111919 b.‚ 999 591 9911
111111.,1)1
,5191119119 19 1911199191) 9999 inferiori 1991)1111·919,11911111111,
599 11191 99999 511191 5111999 59) 51919111) (9915399911 7118.)
599 599119 9999591) 191. 1111919 11911159111115519911119191159119 ’
9511911999) 1111591119 9915999 51911 11115911, 91999 591 5911111911
599 5991919115 9111 11599 9199599111 ,1591 9919119119) 9919911919199591,
9119 9995191159 191111, 1) m 9159919199) 9199 911 591 5911119991
111991 591595991111119 591 5915991995 111199 511111). 5) 111 591
5911511911, 9999911991 1111511111 19111111, 919 991111 1195 9199915199
111595, 19 99111119) 9915919519 591 5995111111) 9119111111 11191959 15911
991) 51111119 &tem 511 59191 9199159199 911119. bie 5111959, 9111
1119 99191599) 51911119 1999119191) 9911995 9191)),1195 59151 9115119)
superiorem, 199191 91 9111519111, 51111 199999 59159591151911 511
59119 19199 9911 911111, 95 et 591911 parem, 919 119111, 1591 inferiori
1991111) 1911)) 9911111199 1111999, 995 195999 11111111 591 1111 591 19191951)
99999991999991191111919 9119911991 9991511959 5191 119919 19
9599 991999, 991 911 99119999 9119, 9999 11 111911 inferiori 111199 99
111) 1991999111) 191919. 119 919991 59591 51 111 91991 5511111 151151
1199119 511 81191151 111911 591 9199 111) 19 119191 591191
91199191195911111911511.51111559111919,91955119111995
1191191 9959911 &a 11951 1111911911, 911 591 1991119911 15911. 9191911
1919 911 5111191911 591191199199 1911 519 51951 1119 1911, 9111 11191111 99)
51159 511 59191. 591 inferiores 111511 191 9119191191) 51999 9))
11. .111,·.,··11191).·,· ,11111 111111

911 1199595159511991911191199 111, 9115 991119 391151 111 ,19199

 

