341 1111111111. mm xv. 111.

11111111111111. 1111111111, 1, 73. animum, 1111 mmo
luxuria 11 lascivia 1111111111 1111 (11 0111, ΙΙΙ, 32, 131. 1111 dis·
1111111111 11111 111 11111111 fluere 11111 1111111111Τ111111111.
ΙΙ, m, 52. 1111 (voluptate) 1111 1111111111 11111111111111117· ¹
111, 11111 aculeum sine 1111111111 non possumus 11. 91111
1. 1. 61.) - 11 111 1111111 1111111111 fluens 111 mollis, solutus, 3
1111111111 1111111111. 11111111 111111111111111111111111111111 1
1111, m 11111. ιι. 11111111. 11 affluentes 11111111- 1
neo 1111 111 ramme, 111111 1111 (1111111111 1111111111, 1111 1111
1111111111 (1111111 11111111111111),11111111 1111111111
111111 1111111 111 11111 1111111111, 11111111111111 1111111111, 111111 ξ
111 11111 1111111111 11111, 11111111 111 111 11111 111 11111111 111111 w
1111111111111111111, 111 1111 111111 11111 111 1111111111 1111111111 111
1111 1111111111 1111111, 1111111111 111, 1111 11111 111 gorm 111 11111111
11111 1111111111 1111111 11111111111111, 1111 11111 11111111111111
111 (1111 111111 1111111111111111111111 11), 111 1111 1111 11111111
111111111111111 111111 111 2111111 11111 111 1111111111 11111111 11111
11 11111111 111111 111111 11111 1111111111 (1111111), 111111 1111) 111 111
111111 1111111111 111 11 1111111 1111 11111111, 1111111, 111 1111111111
11111111111111111111 11 1111111111

Nam 1111111 - 1111111] pro 11111111 dem 11111111·
1111111111 11111111 1111111111111111111 11111111 ss. 1111111111
11111 111 11111111 pm (1111111111 11. 1. 11. 111 11111 &mmm 11
(1111111) 1111 111 1111111 11111111 111111 11111111, 111111 111111 0111.
XLVI, 156. alias 1111 loquor, 1111111111 ost, 1111111111
prodeunt 11111 vel pro (11111111, alias ut 11111111 est, 11111
1 trium vim, 1111111111. 111111111111111 111111 111111 1111111
¹ 1111 1111111111 μὰ 1111 val 111 Δία 1111111111, 111111 111 11111111
¹¹, 111 1111111111 (ὄμνυμι, 11111111 11111 11111 11111 pm 111 1111111111
,j ro 1111 mmortales, pro 1111111111 1111, 111 1111111111 111 1111111
1111111111· Dm 111) 111111111111111111111, 11111 111 11111111

111 0111111111. 111 111111 111 Donat. 11 Ter. Phorm. ΙΙ, 141
1111111111111 deum immortalium, primum eam 1111111111,
quaeso? 1111111111 111111 11111111 (11111111 1111 111 1111111111
101 111 11οὖ1111111 9111111111 pro deorum 111111 hominum fl-
dem aufiuetffnm: „ut 111111 hominum videri possit significare
111111 etiam 1111111111,111 quidem omnes expetunt 11111· j
111111.“ Θ. 111 ΙΙΙ, 32. 1116. 1111111 coniunctio 1111111. 111
&mentum 111111 11111111 1111111111 11111 1111 1111111 1111
1111 1111, 111 11111111, 111 111111 111 1111111111 ieet 111 111 1111111111 ¹
6111111111 1111111111 111111 11111111 1111, 111 1111 111 1111111111
111 1111111111, 111 11 1111311111 11111111, 1111 1111 1111 11111111111111111 Ι
1111111111 111 111 111 111111, 11111Β1111111111 1111 mmmmm 11111 1
1111111ὔ11111 111 natum 1111111 11111 111 1111111111 11111111 3
wstb· 11111111 1111 1115111111 1111111111 1111 1111111, 1111 1111111111 1
ammonem 1111111111 1111 fldem 111111 opem, auxilium 1111111111 1
»111 111 311111111111111111111111111 111 111111 11111 111 1111111111(
1111611111 111 [1111111111 111111111111111111111. - 111 1111111 dalmat

 

