40 , comni. Mlih. ΙΙ. 18. 11.

1111) 1111111111 111 (1111111111 111111 1111111111. namin 11 nicia
1111111111111111111111111111111111111111111111111111
111111111111111111111111, 1111111111111111111111111
1111111 1111111. Ε11111111111111111111111111111111111111
triten, 1111 1111 111 11111111111111111111111111 11111111, aba
111111, litt 1111 111 11111111 111111.

1111111111111111111111111 officie] 111 11 11111111111111111
111111111111111111111111,1111111111. 1111111111
111 aestimante 111 1111111111111111111111 11 1111111111111111 1111
praetermissio, 1111111 intermissio: 111 1111111111 1111111111 111111.
1111111111111111 1111 nn 1111 inter 11111111111111111. 61111.
&tuntum 111 1111111111 11111111, philosophiae 1111111111 inter-
mittero; 11111 §Bataui 1111113111, interiecto tempora3 11111111
int non 11 1111111111, verbnm intercidit, 11111111 1111111111-
1111111111 1111111111111 111 11111 1111111111 11111 11111111 1111111111).

§a

1111111111,1111111-1111111111111111111111111 11111111,
111111111111111 1111111111111111111111,11111 111
1111 11111111111111111 1111111111,111111111111111ε
11111 noti) 11111111. θ111111111111111111111, Scaevola, uere
tango, 111 111 illone tu autem, fanni, en 11161111 11161111
111111. aa 11111111 11 1111111111111111, 1111111111 111 111
11111111 11 111 111111111111111, 11111111 1111 11111111 1111111111111
11111111 mit 1111111111111111111111111 1111111111 11111111. ὅ. Rumpe
1810. 811. Sin ocultam millen 1111 11111 iliona 11111111 1111
&illiniti 1111111111, 11111 nte 111111 11111 11111111111111111111111 netz
111, 1111 1111111111 1111 1111111111. 11111 1111 111 1111111111 1111111111.
3111111 1111 11111 11 1111111111 111 1111111111, 11111 111111111111111
nnortnntung 11111. 11111 1111111111 tinient: ,111111111111 111111
11111111111111111111111 : 11111- 11111111- qnod -tiioia 1111111111111
811111 1626. 1111111111111 111111111111111 1111111 11111111,
1111111111 11111. 3111111 1111111 11111111, 11 1111111111
1111 euni 1111111111 111111, 111 11111, 111 111111111111111111,11111
fin 1111111111111. illino 111111111111111111111111111111 1111111 11ίῖ
111111111111111 1111111111111111111 111111111111111, 1111, 1111 111 ᾖ
quod 111111, 11111111 oum 11111 111111111111111111.11111 111 111111
1111111111 11 11111111 111111, 1111111 111 111111 11 111, 11111111. 111
11111111 &tatiani 11111 11111111 1111111111 1111111111 1. 111. tle 1
111111. 111, 10, 411. 1111 Collatino collegae Brutus imperium 1
abrogabat, poterat videri sanare 1111111111, 111 1111111 gat 1
uod 111111 111111, 111 1111111111 1111111111. aun in 11111111

111 nin 1111- ilicis 1111111111) 1111 11111111 111111 11 11111. 3
1111111)11111111111,,11111111111111111111111111. 21111 ³
111111 1111 11111 1111 eum 1111111111 1111111111 &inin 111 11111 111
1111111111 uastationem 1111111111111 1111111111111111 1111 ,

 

 

