nau. ⁴ 598

1111111111 111111111111111 178.
volumtas 11 1111111183. 111 volup·

111 11111111. (111 1111111111111111)

voluptas, 1111111111 &tosta 1111
1111 111113. 111 1111111 111113.
1111111111 ibid. voluptas 111 11-
111111 11111111 511.

1111111111, 1111111111, 1 protasis.

1111 1. 1. 1111111111111111310.

vul 1111 1111111111 111.

1111ἕ’.11“’ἔ.’..“ῗ121113]11...
u· 1 11. 311. 11111111111111111.

vultus 1111111 11111.

18

Β11111111.111111111. 51.
11111111 111 (1111111111 81. 187.
212. 111 61111111 1311. 1111111111
11111 1117. 2111111111111 11 111
oratio obliqua 311 ff. 111 11111111
(1111111111 1111 6111111111. 3115.
711111ῑί1. mit 111111. 3111. 11111111.
mit (1111111. ibid. 1111111111 111
1111 metatio. in 111 1111111111
11111119 1. 11111111 111 1111111111
im 1111111111. 1111111 11111111 *1111
11111111 1έὸ1111 (1111111111. 11. 313.
11111 .
1111111111 111 eum, 1111.
1111111111111 111 111111113179.
1111111175. in (1111111111 111.
319.1111. 111 1111111 11 mergat.
1111111 1111. 1111111. 11111111 1111111
in 1111111111111 &inm 1118. 361.
(1 traductio). 1 1111111111 duplex.
1111111111111111111111111111

11111111 151.

51111111111111111111171111
11111111. 1111 1111111111 1111 6111
11111. 11. 111. 1111111111. 1111
11111111 1113111111 111111. 11.
1111111. 17 115111. 111 11111111ῐί111
1811111111 (1111111111, 11111111..
11111111.) 111 111111 1111111 111113.
1711115111.- &tetlunss
11111111111 1111111 11 111
111111111111111111111111111
11111111111111111111
111 1111111111 111 zu 11111111
11 1111111111 111111111111111 18.
1111. 111115. 315. - 6111111111
1 s. v. -· Traiectus 111 11111111
111. 52. 111 1111111 111111111111111
111 1111111111 1111. 318. 1111111111)
11111. 1111111111111111 1117. ·- ’1111111
11111111 111 11 mit 11111 quid
11111 111711- 1111111111Θ1111111
11 1. 1111111111 11111. 1111111111 11
1. 11111111 &am 18. 111 11111111
11111 1111111111 11111 6111111111
11 111 11111111 611111. 111 11111»
1111 169. 111 11111111. 1111. 119.
111 Pronum. possesslv. 1 s. v.
111 1111111111 1111 1111111111 m
1111 11 1. 11111 111 6111111111).
911. 1811. 1611. 111 11111111 11 1.
&pize 111 61111519. 1113111111
osse 1 1. v. 111 11111 1111111 111
11111132111111111. 11 &menidam
711. - est 11111111 111111111111111
111111 111 11111111 11111131. 11.
est 11 18111111111111 111111, igi·
1111111111. ν.

111111111111111,1111111611111, 51111111. 1111111111 3111. 111

1111111111 1111111 111. f· παρ»
11101111111111111 1111111111 mita

11111111 371. 111111 1111111111
11111111 1111111113711. (111 11111111
ὲῗῖ111ΰ11611111111111 1111111 1111.

1111 11111111111111111111111111 13. 1111111111101.
1111111111. coniunctio 1. a. v. 51111. 111111. 1111111111, 11611.

... 1111111111111111111111

Μ..-

 

