111 1111111111. mmm-Mo

1111111111 nomo. 111111. (1111111. Aug. 11. ’111 1111111, 111 1111
111 1111111111 1111111111 111 11111111 11111.,111111111 111111111111
1111 1111111111111111 111 1111111111 Mos. 1111111 111 11111111 1111111
111 modo 11 hoo 1111111111. 1111 modo 1111 tontum 111111
111111111111111,1111111111 111111 111111 111-111111111111111111,
111 11 111 1111111 111111 11111 1111111 1111111111 11. 1111111 111.
1111111. 1 111. o„ 11111.) 1111111111), 111111 111111) Quom, 1111 N.
. 11111. 11, 64, 161. Neo vero 1111111111, 1111 111111 111111-
mis eius tenebriogorlmorum 111111 1111111111111 111111.
3. ῢ1.) 1111111 1111111. 1111111 11111111111111111111111111111. 111
1111111111. sed 111 111 otiam? 1111111111 ints 111111 1111111, ’11111
111111 111Θ1111111 111 etiam 1111111 1111111111 111 &mousom
111111 1111111111 11111. Die· 81111 imoimo 11111 1111, 1111 11
11111111, 111 1111111111 Mo& (ἷ1111111.1’1111111.11.113.1.; 111-
animato 1111 11111 111 1111111111111111111. ΙΙ. 1111 111111
11111111 1111111111 1111111111. 11111111111111111 111 1111 1111
loom 1111111111. 11111 1111111111 1111111111 do 1111111111
11511). 541. 111 1111111111111111111111111 111111 111111 111 111111
11111111 111111111111111111 111 inm-nos. &o 1111111111 1111111111
. 11111 11 111) 11 11111 11111111 animatus 11 1111 &lom ooo 111111
111111 111, 111 1111111 111111111111111 1111111111), 1111111111 1111111111
, 111111111111111111111 Mos. 11 1111 &ouem 111 111 111 mo

111 1111111 11111, 111 inanimus 11 11111111,111 1111111 11111. 111111,
69 , 111 11111 1111111111 11111111 11111111111111111111111, bot 1111111
1311111111 1111 11111111 ood. Einsiedl. 111111111111111111111.» locis
1111111111111111 ¹
or'iminibus 1111111111, 1111111111111111111, 11111111 11111Ἐι1111,
111 qui 11 1111, 11111111111111111) obet 111111111111 out 1111 m 111 ᾦῖ.
1111111111 11111, 111 delectari 1111111 11 1111 &inne oon: 11
Dtteo (11111111111111 11 1111) 111 11111111111111111111111 111
11111111111111111111111 11111 111 (1111111 1111111 111111111111111
111 6111111111 1111111 11. Pal. Cio. p. 1114 1 1111)-11 11111
11 111) 11111111 1111 1111111111, 11 in 11111111111111111111111 111111
1111111 111111.-1)1131111111 111111111111111111111, 111 111 11111111
111 11111111 111111111111111111 111 11111111 1111111111 1111111111
11111111 11 1111 1111111111 11111111 111 111 1111111111, 1111111111
111 11111111 1111111111 111111 111 11111111 uno 111111, 11111111111111,
11111 1111111. 111111 1111111111 gum 1111111111 11111 (11111111111111
11111111, 1111111 1111111111 1111111 oum 1111111111 1111111111 mon·
tuosis ot silvestribus. 1111811111 montuosus 11111111 111 11111 Mos.
11 111111111111111 monstruosus 111 11111 1111111111 1111111 111 ein:
1111 &teum 11 111111 Mso. 111 11111111 11111111 monstrosus
11111111Ι 111 111. 1, 18, 61„ 111 11111 1111111111, 11 111111 &Boot 11 111
311111111111 11111111 11111 1111111111 111 11111111 111 1111111111
11111111 morosi 111111 malevoli, invidi, difficiles, locifogi, 11111-
11111111111111111811111 11111111 1111. 11111111 11111 1111111 1111111
1111111 1111111 111 oss. 1111111111 1111111, 111 111 &ooo 1111 oms

 

