mmm. [offla. 11111111, 317

W Quis), 1111111 1111111 11 Vn, 33. 1151
1111111ξὲ1 miiffiibmgumguffiaee§bffiffi {igniat &cm

1111111 111111111111 1111111111 1111111111 1111111111 111 11111 be:
11111111 11111 quidam 1111111111, 1111111 1111111 (1111111111
¹ 11161111). iungi. Χ, 81119311. 111111. 181. 1111111111

111 11111111 111 1111 §notititiam (1111 1111911119 111 snpientia), ’
11 111 111111 1111111111 1111 bonitas 11111 (1111111111 1111111
1. V, 19. 11 11111.) nei« 111 18191111 ber 1111111, 111 111 §lucie
,11111111111111111151 V, 1111. 1⁰8. ΙΧ, 29. p. 1963
11111111111911111, 1111111111, 1. V, 111 p. liiii. 111111111-
111111 fuit 1111 iiiut 111111111111111111111 We, uae 1111111111
11 1111111111111111 voluptatibus (1111111111 'iiie 1) 111111.
V, 23, 67„ 1111 11111111 libido 1111 91111111 111 111 &tite 111
luxuria 91111111 (V, 19. p. 1119.) 1111111119 iii 111 11111111 in·
111 imum 1911111111 fortitudo. Ἑα111111111111 111 111111 111111
111111 61911111 1111111 111111, 111 11 1111111 111 fortitudo, 111
1111 1111111111 1111111111 splendidissimum genus honestatis
1111101111. 1, 111111.) 1111 111 11111911 11911111, 111 leniores 111
111, 1111. Vi 1111111 111 111111111111111191111111 1111111111
1111) eiu 1111111111) 11 1111111111. 1111111. Vli, 23. p. 152.
1111111 1111 11119111111111111191111111 &ab 9111 11111111. 111
1111111141 11188. 11611311. 1111111111111111Θ11111111911111
11111111 111111 91111111, 111111 1111191111 fini: 1) 111 119111 111
1111111111 111111111191111111 1) 111 11111111 1111, 111 [o 1111111
11111, 111111111111111. i). 11111 111 119111 Vini 91111111, mni
111 ibet 111 &ion 111 1111111111 111 iiber 111 1119111111 1111111111
e) 1111 1111 111 1111111, 1111111. 1111111111) 1111911111111111111111911
11111. 11111 11 1111111111 1111 11111111 itin 1111, 1111 1111111111
1111111111 1111111111, 1111 11 1111111111 1111111111 Vicini! 1111119111
witi. 11111 1111111 11111111 iiii} 1111111111111ζ 11111 111111
2 iiiiiiwiiii‘iiiiiiiiii‘iiisitssiiiiiii
11 111111 1111111111) 11111, 111111 mit 11111111111111 11111111
1111 11111111 11111 111 1111, auti) 111 1119111111. 111 1111111111.
11111911111111111111111111111111, 11111111, 11111111 1111 91 111111 11111
1111111111 (111111 111111 111111 fluitamus 1111111111111111111 11111. -
1111 111111 imbellibus iones, 111111 11111111 11111 111 11119111 .
imbecillibus 119111111111 1111111 11111 11111111, 111Β1111. 1
1113111111 (1111111119. 1. 111 111111 1111111 11111191 111111.
imbecillibus 111· 111 11111111 1111111 9111111111, 1111111911 111
1111111111 §orm 1111111111. 111113.- p. 1181). 111 11111111 ¹
111 111· 1111111191 11 1191111111 111 111-111111111115111111, 111 in
11111111111111111111111 11111111 1111111111 111111 111 (i. 111
p- 118 1. 1111111 11 1111111111. 3111111 nun 111 effemi-
11111111111111111 111111. 1111 111111111111111111111111 effctui-⁴
1111 111111, wie 1111019. 111,8,1111., 1111 11191 1111 111 1111111
1111 1111111 1111111111 &agogen 1111111111 1111111111 1111111111

 

