.Indem

...υ-1141-

A, 1111111111 111111 1. 1. 1. tetingen 1

1. 111 6111111111 1 ab 1111111118. 111111111111111 9’1111111111 11111111111 1111

abdere 11111111 · 111. 111111 1111.

abiectus 1111111111 111. 117. m . 1111111111 11111111 1117.

abiicere 1111111111, 1111111111,11, accidere, contingere, 1111111111, 111-
11111111111211. 11111 1111111111 111. 111.

,41111111111111111111111111111111111, 1111 m, 1111111 11. 1111111111 11111
1111111111 1111 1111111111 111. (11· 1111. 11111111112111. 11111111,
pituli 1111111 1111111111) 111111. amt- 1111111111111111 1111111111. 111. η

. 1111111158. 11111111,1.111ι11111111 1111111111) 1111111111111111 15⁸.
111111111111111111. 11111. 1111. 1111. accommodatus, 1111111111, 111
1111111111. 1111 1111111111, 1111111- accurate ) . ..

111111. 11111111 11111. 1111111 1111111 1111111111 1 Qun Μ’· '⁰⁷‘

W. 1111111111111111111111111111111· accusare, urguere, incusare 11111111 .
11111 11111 1. 11111111. 1111111111 1111111, ’
1111. 11111111111111111111111 ,1111111111111111111111111111111
111. 1111 1111 einen 1111111111 111 mic 11111 1111111111 1111111111.
1111111111111 1111111111 (am-mri- 11111111111111111111111111111111111
1111111111. 1111111119· 1111110111 1111111111 11111111 1111111.)
(1111111111111111111111111ιί11) 11. 1111111111 115. 1111111111 111

11. lunc 11111 1111 11 111 111111 111111. 111 1111111111. 111 1111111111

ls. 1111 iudicare, intellig«·re 1115111111 1111111 528.

111111 1111111111, deficere, 1111· acer 1111 111111111111111111 &a
1111111 111. 1111. 1111111111 11111 1111111111111111. 111. 511.

nominum 1111, eo, quo, 1111111111, 11111111.1111111111111111111.1111.
111. 1111111111, 11111111 111 1111111 11111

1111111111111112111. ¹ 1111111111, 111.

Α11111111111 prs! nummo, 1111111111 aestimo, conquiesco 1. requiesco
fut 1111111, 1111111111 111 flu ,1,11,
1111111111.1111111111111111111 acquiro, 111111111111111ἰ1ο 111.
1111 1111111111 11111111111111 111 111111 1111, 1111. 1111.

1111111111· 1111. 1111 1111111111.

1111111111, 1111111111. 3181 aella 1. M. 11111111 11111 1111. 1111

1111111 111 mit 1111111111 3111· 61111111111111111111 8111111111

uc 11111 1111 11111 1111111111 1111. ao 111 1131.
uno uc paetus 1111111111. 1111 ,111111111111111111111 1111111111
1111111111, 111111. uc 1111 1111 257. 1, lieet.

111111111111111. uc 1111111111 11 111111111111111111111111,11-
11111, 11111118 11111 111111 111 (3191111 hi! 111111111111111. 111 1111111111
1111111. 5³3. 111111· 11111110· purum 11111. esse 111 ·-· pertinere

 

