144 naaman. 4444.. 444. 444

4444 Ν, 15. ra quo in genere aperare videor Scipionis 44
Laelii amicitiam notam posteritati sore 4444444444 444.

444.

entiam quiden 44444444 nunidem 4444444444. 4. 4.]

44444414 4444 444 444444 84444444, 444 444 4444444444 4444444444 444 84.
aritini 44444 &anatra 4444444444444444 48444 444, 444444 44 444 4444444
444 amnena 444 444 44444444 44444, 444 4444444 444 44444 44444444
ianr 44444 4444444444 44 4444444444 8444444444 4444 4 4444 fianta
414444 44444 4444444. ven 4444444444 444444 rr 4444 quidem, 4444444 444
arant 444 4444444444 4444444 444 4444 4444444444444 4444 44444444
4444444444, 4444 44444 4444444444 4444 4444444 4444444444444 44444, 44444
4444 4444 444 tanne 444 amiternus 444 6444444444 444444 444 444
4444 444444, γέ 4444444. 4144444 44444444 444 4444 444 4444 entonam
fictir. nequitiem, 444 444 44444. γοῦν, 4444 8444444444 444444 4444444444
444 4444444444, 4444 4444444444 4444444444 44444444, 444 4444444444. (Θ.
Ιη444444441444,,144ψ·1,44,441.,4444 6444444444444444444444
64444 ru 44444444 &aar 444444 4444444 4,444 444 4444 444 4444444444
ant 444 {iiten 444 48444444, 44 44444 44 444 4444444444 4444444 444,
44444444444444444444, 4444444 44 444444444 4444444444 444, 444 44444
tana 44444 Dicaearchus 4444441444 et Aristoxenus, qnia difficilia
erat aniani, qaid ant quaiia esset, intellig entia, 4444114444 444·
4444 animum esne dixerunt. ,44444 4444444 444 444 ,44444 444 qui·
414444 444444 atque 441444. 44444444 4444444444 444 444 4444444 444
44444444 44444 4444444444 '1'qu 1, 33, 844· rpsi animi magni
refert quali 444 corpore ocati 44444 muita eninr eaor-pore
existam quae 444444 mentem, 444144 quae 4444444444 Ari·
4444441444 quidem ait ornnes ingeniosos melancholicos esse.)
81444 4444 44444 4444444 444 444 4844444444 444 4444444444 Agri·
gentiana 41444444 quidam vir: 444444 44444, 44444 4444 444 aiant
444444 444444444 444, 44444 44 444 64444 4444444444, 444 4444444444 444
444 4444444444 ί4444444444 444444 44 44444 4 4 4444 444444 444 34444444
44444, 44 44444 41144444444444, 6444444444 44 444444 4444444 {Brisa 444
4444444444 444 4444444 4444 44444444, 4444 4444144444 444 (44444444
erra 4444444444 444 4444444444 4444444444 4444444 444 444 44444 444. 444444
444 grammarian 4444444444 444 4414444, 44444 44444 444 4844444 444
(iactast §aar 4444 quidam 414444. 4444444444 444 4444444444 ra
eterne 444 olymp ,84. 444444 444 4444444444 444 4444444444 4444444444444
6444444, 444 44444444, 444 4444444444 unt 4444444444, 44 tinem &nitent
44 4444444444, 44444 444444 444 4444 4444444444 444 444 444444 44444 binga
44 444 44444444 4444 4444444444 444 344444444444444 444 4444 444444
444444444444 44444444, 44444 4444444444 4444 444 444 4444444444 444 aar·
1444 8444444444. Die 4444444444, 444444 444 34444444444444 unt aut·
4444444 444 444444 444444444, 444444 44 444444444444 4444 4444444444
4444444 4444, 444 44 aad> 444 striati 444 44444444444444444 444 444 4444
44444444 44444444, 444444 44 444 4444444444 tut 4444444444 &aare 44444

84444 44444444. &ein 441444 περὶ 444 ariacas 44 3 aa„ 444444 444

 

