ϊ1111111111 1111,Ι 11111 111 ’1 m ‘

1111· 1111 11111111 111 1111111111, 111 laudare 1111111 111111Μᾶ 111111,Ῑῖ
111111111111111111111111 611 1111 et 1111111 111111 111 11111 1111 711)11’
111111 111 11111111 111 1111111111 1111111116111111111111111111111111.’
11111 oseem 111 111111111Θ11111 111 11111111 11111 111 11111) 11111111) 111111 ’
111111 11111111 11111111. 11 1111111111111111111111,111111111111)191
1111111111, 11111 11111111111111111111,11111111111’111 111 11111 ’11111111ἶ
11111111”)11·1111)’111 111111) 1111 1111ἑῘί 111· 11 111 1111111111· 11111 ,11)1θ111Ι
1111111111 1111111111111111 11111),111)111111ιι 11111111 ..111
1111111111 11111111111111 111111111111111111111Μ11111.
1111111,11111)11 111 11111111) 1)1111 1111111111, 11111 11111 1111111 1111111 1111
1111111111 111111 1111111111 11111111 1 1111 (1111111111 1111111111)
1111111 1111111111) 11 111) 111 1111111 11111111111111,11111111)11 1111
)11 1111111111 1111111111,1111’;611111111 m· 11111111·Ι 1111111111 11111111
1111111,11111111, 111111111111,111 1111811, 11111 111111 11)
111... 333
111111) (1111111111 111111 1111 1111811111)1111111111)111,11111111,1111“·
1111 1111 11111111 11111 111111111111111111 1111111111 11111111 1111111111
11111 11161111 111111 1111111111 ῦ111111111111111111111) 11111111 11111
111 esee 1111111111 mmmm 1111111 111 1191119111 111, 11111111 310
··’1,1”.1,1”’1.1,.·“’“111111.,11 1...) 3333 33
κ 1111111111 1111111111 vum 05⁶3 ·11 1111111111111111111111
3 111111 1111)·1111111111111 11111 1111111111 111111Ξ11111 1111111111
1 11111111111111· θ11ι1111111111111111111111111111111111111 1111
. 11151111’·,1111111 ’1111 111119’11111111)111 1111Μ11111 111111111111) m·
1 1111111, 1111111111) 11111111 1111111111 111111111111111111·111111,11)11111ο
. 111111 1111111111 1111111111 m 111 1111))1111111111 5111111 11111
3 111 1111111111 111 11111111111111 domini? mv· 1111 weitin m
3 11111111 rem 11171111πά111· 1111· 11) 11111111 1111111111111111111111111111
3 11111111 111111111111111’1111)111·111111111111.11 11 τ.11 1111111111 111
1111 1111111111 11
1111111111 11111 11. xm 411 111117, ) 1111) 111·111111.Μ111.11ἰ
111111ω111111111911111111111-11111111111111 1111111111.
11111111 111) 81111111 )11 111111 11111111 811111111111111111111
1111111 neglecta 11111) ’1111111111 m· qui ·-11111111111111111111
1111 11111111- 111111 deusque, 111111 1111111), 1111111111 ,111 1111111
111 1111 1111011111 ’111111 1111111111 1111 111111 8111111111 (11101111 1111
1111111· 11111111 111111 deum, 11111111 11111 11111. 111 ,11 gem
1111 111111 11111 1111111. 1111111 1111·- ¹¹l'usc. Diffild& 3290- *αι
111--119111111111 111 1111 1111111 1111111ιῆ111 11111 1111 11111111
1111.11.11’1111111111111 1111111111
11111111, ’1.’1 ,1111111 ..1111111111
6111 111 11 minos 111111 1111111111 (1111111 nun quon

1111111111111111111111111Μ111Μ11Ν1111111ὓ111111

 

