0011111111. mh XV. 111. 317

111 1111111111 (2111111111) 1111111111, 111111 111 1111111111 111 11111111
11111111 111 111 1111111111 1111111111 11 1111111 111 (111 1111111111
11111111111111 111 1111111111 11. 11111 soram 11111111, asili ⁶.
1111110111. 11, 6, 19. Si ad luxuriam 1111111 1111111111 -
temperantia 1111111111, duplex malam eat ibid. Ι, 34, 123. ιι. 1. 111
1111111111111111111111111111 111 111 F 11. V, 15, 41.) &a 1111111 11111
11111111 111 111. [a 11111111 11 1111 1111111111 1111111111. bie 111
1111111111 81111 1111111111 1111, 1111 11111111 11111111, 11111111 1111.
⁶> 111111111111
Ι t

1111111111 111111 111111111ηό111 aab 111111111111 111, 11111111 1111111
1111111111 quodsi 1111111111111111 11111 1111111111 11111111 11111
11111 111111. 1111111111 111111 11 1111111 111 cadara 1111 3111111111
1111111111111111111111111, 1111 11111 111111 111 1111111 11111111
1111, 111 11 111111 1111111111 311111 111 forte, 111111 hard) 111 1111111
111111 11111111111111111111 plerumque 1111111111 1111 1111.
11111111111111.1111111111111111111111111,1111111,11111
11111 111111 311 111111 6111111 111111111111111 111111111111
1111 1111181111 11111111111111111 111111, 111 11 (1111111111 1111111111
311111111111111111111 11111111 11111 11 aut 11111111111111 1111111111
1111111111,1118111111111ῢ111111 1111 1111111111 11111111 111 111
111111 11111 111 11111111 3111111111 111 1111111111 11111111 1111111111.
1111111 111 11 111 (1111111111 11. 111111011111, 14. 111
111111111111111111111111111111 11111111 1111111 τοῖς 1111111111, ἢν
νόμους move 1111111111.) 111111 111 (11111. 1,34,123. 111111 11
11 111 1111111 11111111 11 1111111111 -11111111111111111 accesserit,
11111111 malum 111 111111 1111111 11111111 11111111 1111111, 111111
1111111111 11111111111111, 1111111 1111 11111111 11111111 111
1111111111, 1111111 11 111 1111111111 1111111111111111111
111111 111111 111111 11111. 31111111, 111 111 111111 1111111111 11111111
1111 111“111ἔ111.1“11.’ 111 .11.011.“”1ἑ.31.“ῑ.1ἶ1. 11111
(11111111, 11111 111 111, 3111111 1111111111111111111111 1111111111
1111 111 1111111 1111111111 11111111 1111 11111 1111111111 111111, 11111
1111111 1131111111111111 cam 11111 Gonia 111 11 11111111 11111 111
&abl 111 &abab 1111 1111111 1111111 111 1111111111 1111111111 1111 1111
111 1111 111111 1111 111 1111111111 11111111, 111111 1111 111 111111111111
1111111111ιῆ 111 1111111111 111 1111111111. 111111 11111.ΧΧ,74.
1111111111111111111,111111111111
1111 1111111111111, 111 11111111111111111, 1111111 11111 1111111
11111 6111111111 111 atara 1. 1111011111111 essa. Sa 11111111 1111111
111 1111111111 1111111111 111 11111111 aliquem 1000 movere, 111
gradu (11111111, iacere prostratumque asae (10111111, 1, 1. 1.),
1111111 aaut 8111111 11111111 1111.

Quod Tarquinium ’11111111 fetant - 1111111 posset] »aa
11111. 111. tarquinius 111111 111111 1111 1111 1111111, 1111111 111
111111 111111 1111111111 11111111 11111111, 111 ,111 111111) 111111 111 “

 

