777777711;7.117.77717777 α

1771111771. θ11ῦ771771 posse 7777117 1177117117 71771177 11717 esse
1777777, 17 7711711 17171117 ,111 (1717717 71711117, 717 71 177771 117771
&cipio 177777. 7777 117 1171777 777 ’1711117177 17777777 17771117) 17177177 1171
777· ἵ’7177711777 esse 17117717 71717777 1171177771 11177171 77717
1777 17 11177777 11177177 ,1171711111 11777777 771 11171771 1111171177 11171
7771177777 77711171777θ111777177 117 1777777711, 111, 11111. po'-

⁴ 1117717771777177171171711 aliquam· copiarum 7775717177-
amia· Δ. ' ¹ ¹· ² 1 ⁴

' 7

1 ...ι 1,, ¹ ,1 ¹ ,'
ἰ §7⁰·''‘ ·
¹1¹9v

. . ' . 1 . ·, ἶ

Quod faciendum* 1177777717] Dte 87777 171 «1776717711

117 17 lV, 14. 17111. 111 71 1177777111. 1. 17. ’171777117777 &pern
9117. 1111711111711171 177 17711717 7717777777 1711771171 {ein}
61771771 1717 17117 1717717117 7-17711717111111 1777177 11177 11711
71111777 1171777171717 777111 17117 7711717771] 1111·171111111711117 1717111117,
1177117117 1171117111 7717717111777 1171117171 17777) 771 1777 1771777717
177 1771177 771 11771171 117711117717171. 71. 117 offic„ 1, 10, 31.
171 εἰ constitueris 771ρὶ777 11 advocatum 111 rem 7117777177
esse· 7711177777 atque 17111171 1177711777797171771111177 ‘coepe's
711, 777 7177777177 7111717771 777 1771777771111777717. 11111.
40, 114. 117 717171, oum 7717777777 111 aeturus, 17 itinere 7117
17 ambulatione 77771711777111117777771 7117717177 711
17711757731171, 7117 reprehendatur. Ι111Ἇ7 1711111777 771777.
1717171 111117 177 1171117771 11711 7771777777717171117 1717771177 77171,
’1717 1177771777871171177177 171111777117711771777 7777177 1771, 1771177
1. 111717. damn. W, 12, 30. 711311.) 18717711 7777111711), 171
11111.11111.111111111111711Ἢ113717ἷ11111
ᾰ77117771 17117711771711117 7711117117177 17171117 7717, 77777 17
1. 18. 777 11117777 717171177ῦ777177 7117771171 ua 1. 77. ὓ71 m
1111711711 117771177177117771811111111 117 1117111711 91171711771771171) 1117117
117 1771771117 1711177111 771171 1777771717117177 &992 71 - 777·
secuti sunt, 77711 117117 117 77117171177 1811171771 177 17171717 11717
1711711711. 111117177 117 1717111117 &zm 11777717771171717171711771
1. 717711111161.1).381.;1717711117177717 uum-praestantiam&
1777177 1771 1171111111 6177111 7771 11117771,·11“17117777 1771717777
2711 (condicio). 711117 1111718111171771 777 fortuna 1117117871.
Jug. 17111111. 18117777 111 177 111777 1111771 1178711. 07111517,
13. ln 7717711177 fortuna 77171777711717117 est - 9171777177
91177177 impertiantur, 1171711117 1171177 11711117117777711777 fik
177, 117 717 7777177717711711 7711777717 777 Θ71177711711 pro Arca,
19²6& ersse·ffiearb.-vno·oeeuteum··ea, 17711177 117 1111171177. 111
117, 7177111111 fid) 777 171 77777711111177771177711177. 7771317717 117
7111117 17111717 11117771717177 1177 711117 mutantia 117·1711117717777
1711117177 7771117 117111 ’7111717 1711771171 111) 117171777717117711717,
71111111711717771171111771171771717717777777-’77777717

 

