1111 ,1111111111111111111111

1111 11-11111111 111 1111113111, 11 1111 11 11111 IX, 82 1111111111
nese et 1111111111 admovent. θ. p. 116. ·— 11 111 cum onmia*

’1 11111. 1111111111111 11 Ν, ll. 1175. 111 11111 est 111111 111,
ὦ. 111111. quod 1111111111. 11111 confingit 111 111 1111111111
1111111111, 11111111 1111111111 1111111111, 1111111111, 1111111 1111111
1111111 (1. lv, 111. p. 911.) 11111 1111111111 111111. 111111 11111 1111111
1111 1111111 1111111111;11111111111111111 (1111111111 1111111111,
1111 1111111111 1111111111 11111111) 111111111111 1111 1111111111,
1111 111 811111 1111 111111 11111 1111111111, (1. 1111. (1111111111. Giv..
ΙΙ, 11. p. 14111, 1111 111111 1.1. 1111 11111 11111111 11111 1111111111
11111111, exoritur, 11111111 oriri 1111 originem 11111111111111111,
1Ε1 111111. de 111. p. 711.)

. 111

0111111111 111111 absurdum - 11111 admodum &deviari-l
‚Absurdum 1111 1111111111 1111 surdus 11 111111111111111111111
11111 horridus) 1111111111 11111111 1111111111 11111111111111111111,
1111 1111111 111, 11111 vox absona 111 ue absurda (1. 11111111 111
- 111. 111, 11,41.),11111111111111111 {usfflffisp 11, 4. 11. 1. 1.
111 111111111111111 &inm 11 11 1111111111 111 quod non conve·
1111111611111 1111111111 1111 11 1111 1 47. 1111111111111111·
taneum est 11111111, 1111111111 11111111 1111111111 1111111111).
1111111111 1111111111 1111111111 1 1. 1111111. 13111 Quid
dulcius 1. 1. 11. 1111111111 1111 11113111 et inanibus 1111111111,
11111111 code Lips. 1111111111 111111 Φ. lx, 31111111. 1111111
(111111111111111 1111 1111111111 11111 1111111111, 111111111111111111, ab»
11111111) 111111 111 111111111111111111 111 1111111111, 1111 1111 11111
111111 1111111111 1111111 (11111 111 1111111 1111 &tanne 11111, 1111 111 111-
11111111 11111111111111111111, 11111111). 111111 111 1111111111116111,
111 1111 1111111 111 1111111111 18111111 11 11111111 111 111111111111111111111
flu 1111111111 1111111, 1. 11111 1111148. 11 bonis 11111111. 1111111111)
111111 §icero vestitu cultuque corporis 11111111111111 111 11 1111
11111111 1111 1111111111ιὶ 1111 1111111 1111111111 111 11111111 oot-
111111 1111111111 1111111 11 111 11111111 111 11111111, 11111111 111
(5111111 1111111111 1111 111111 11111. (111111, IX, 36. p. 1411.) Gul-
111 1111111111 1111111 vestitus 11111 1111111111 1111 1111111111 1111111111,
1111 aum 1111 111 11111 (111111) 111111, 11 111 cultus 11 1111.
1111111111 1111 1111111111 31111 111 1111111111 111111 1111111111
1111111111, 1111 111111111111111111111111111) 1111 1111111111111 111
1111111 1111111111 111111. zm 11111111111ιῶ1111 11111111 111 cultus
11111 11111111) 11111111111111111111 111111 111111, 1111111111, 1111
1111111111 111 1111111 11111111. - eo qui. 11111 1111 11111 111 1111 1111111
111 111 (11111111 111 1111111111 1111111111, 1111 1111 1111111111 1111111111
11111111 1. 1. 111 111 111111 11 111111 1111111111 1811111111 1111
1111111111 1111111 1111111111. 11111 11111111 111111 111 11111 1111
1111111111. 111111 1111 111 1111111 11111. 111,, 1111111 111

 

