11111111111111. m 111. 173

1111111111 (ibid. 1, 25, 115.) 111 Mundum 1111111 11111 11111111
1111111111 Qum, 11110111. w, 27. 11 vanum mnam barbari
1111111 amputat gladio, 111111 1111111111 1. &a 11111111) 1111111111
ist, 11111111 1111111111111111111111 111 1111111111 6111111111 111111
1111111111111 mutuum 111 Emi 1111111 111111 111111 1111111
1111111 8111 111 111111 111 1111111111 1111111111, 1111 111. 11111

111119. 1111111111 111111 potentiam revocantis 1111 111111-
11111. (19, 91611115, 47. adolescentulorum 11111 ardore
quodam 1111111. de w. si 111111 1111111111 111
non erit. Tusa. Disp. , 2, 1111 11111111 1111111111.
31111111111111111 1111111111111111111111111111111111111111111111111
11111 1111111111 61111111 1111111111. 1111 111111 Cic,- 111111114118, 61.
1111111111111 oro laudamus 1111, 11 11111 fid) 1111 111 1111111111
11111111 11111111 111 1111111111 1111 1111111, 1. 111111111ωυί1.
1111111111 animo cepi dolorem, 11111111111111111 1111111111
11111111 1111111 1111111 ibid. 1111111111111 1111111 1111111111. Defa
111111111111111 111111111111111
mitta 111 1111111111, 1111 paratius 1111111111111111 de 0111133,
1501 ratio 11 oratio 1111111111 ΜΠ. 17, 381 gravio
11 suavis 1111111111 aud) 111 11111111111 11111111 1111111 1111)
0111. L, 168. 111 om. 111 ’ 96. 1111111,11.;1111111111
funestae 11 ρῐὸᾘιίῐᾙ , 19. 1111 1111111 1111911 111 1111111111
1111 Quint ΙΧ, 4, 11. 1116111111111111111 111111 invisae 11111
ffissz‘z‘smz'ewzz2¹32:¹„“⁵¹3„‘¹3„f¹.{3¹·2¹3.}¹;1¹:1.'{}{⁸:.¹;
1111111111 1111111 111 311111, 1111 111 1111111111 11111 11111111
pumina 11111111 111111111111111111 111 1111111111, 111 11111 111
end> 111111 ssegtiflc 1111 mg 1111111111 1111111111, 11111 11111911 mom
6111111 111 1111111111 111 1118111111 3111111 1111111111111111.
111111 11111 1111111111 111111 111 111 1111111 111 ’1111111111 (11 1111 &inne
(1111111111 111 11111. ad 11111111. v1, 22 p. 131.) 1111111111.
111111 11111 111 1111. zama 111111 (1. 1111111 ,1 Pht.
1111111111111.) 1111 1111111111 11111111 111111 1111111 &stimuum
1111. 11111 &w 3AE3e5²¹⁰133¹4·¹·;“‘35}““322¹‘⁶.231253
11111111, 111 1111111111 11111111 fid) 1111111111) 11 111 111111111111111
61111111 111 1111111111 mene 1111111. 34) *1111311111 in suo
genere, 11111111 1. 11111 1111111111 1111 1111111 1111111111 11111,
1111 111111 111 8111111111 111 omni ex parto, 1111111 1111111111,
11111111 11111111111111111111 1111 1111111111 1111, 111111, um 11 1111
111111111111111111 1. 1). 111 1111111161111 1111111111 11111
su 1111111111. wit ’111111 11111,11,13,37. utura quidquid 1111.
- in 1111 quidque genero 1111111111 mavoluit. 111 1111.

11, 1, 3. Neque 11111 putavit 1111ιὶ1, quae (1111111111 11111·
1111111111111 in corporo 11 reperire posse, ideo qnod 111111
1111111111 in genere 1111111111 11 1111111111 1111111111 utura

 

