11 0011101111. 1101. 11. 10.

0111111 1101111110 101 1110110 01110111101101010110 11111110 11111111
11130111110001110 111 01110111110111101011101111011101 1101001 11111
11011111, quisquis est 01 qualiscunque 001, 1001001 11111 1110 111111
1101111, 1110101011 10 0100111110 Θ1110, 1111110111111110111110011111
11111101. 10 11110 11111010. 11010 1101101111 11111 10 10011110001111
611111, mo 111 (11111011 10 01010010110111111 111 1011111111010 1110οε
1100 0101011111 1110110111) 1109111111 01111, 1011 10 0011101 Θο11 1101
110 11111111110111 1100111 1 111911.. 10010 00111 cio. (3011111100ιο-
1110 011100110010111, qui 10 defendere 01111001,111100 1011111010
111. 1101 111110 1110111011110100010 1011 quisquam 001 011110 110
0100111111 11111111 gu 11111011 111010 1000, 1119110 101101011111111110
011111, 1110111 00 1111 111001 3011111011, 11111 10 1101 111111111111301011
0111 111. V, 33. Camillo manente, 010011100οω 1111010110·
11101 00111 est, oapi 1101110 000 poterat. 1101 1101111111εο 10111
111 11101111 10111110, 1111 111 0111011111 01001110 001 0011110010 6111
10 110111011111111110111110 1. 11. 01111110. 111, 15,11. 1001010000
21101110 1001011 011111101 0110111110 10111110, quae 11111110 quoquam
0010 011. 0011101 Nep. Α1110. XIX. Tanta 0111111 prosperitas
0000010111 001 0011000010, 111 011111 01 000 1111100111 fortuna,
uod cuiquam 0010 1101010111. 81010ομ1011οοοἱ V, 1. 0111111
3011 1100011οἰ1101 putes, quod allidetur. 1110100111 1101111011 01111
111 &teum 10 1100111110, 10 11010 quisquam 00111 0000110111110
1111101000 11101 30111110 11111 g, 111. 1111001001 00100000110111·
quam 1. 1. 11111 1111111111), 10111 1111110011 11010 1111011110 01110
1000. 11110011 11111 11111111 1111111 1110111111011100101111110111011111
10 quisquam 001 111100 10111111 1110011 1011010101 11111 0111 aliquis,
quispiam 001 quis 001110 §nonen 101110111111111111001 11110 111
3011011010 11011110 1111111111Ιο 011 101111 1111111011.

01 0110 0011110111] 0101101 01100 0100111101000101110111,0111
11011 111 3010111110 1111111, 1001110 001 0011111110111111110000010οο
110 - 1100 001 101010 1001111 11 11111 - flu fibergcben. 1111110101
111111 11 10 1111080100 111 ρ10010111110010 1011011 01-01111110111, ὲ
01111101 10 0110111 11111 011111 1111110 0111 1101 1111011111 01110111 110
11111 118. 10 110011 XX, 41. mitto 110 amissa maxima parte 01·
010110010111100101. - ¹
mortem flii 111111] 1001 1111 Pauus 00 (10101011. 1011111111 110
80000111), ἱ). 001 ss. 1011111 1111110101. 110111601011010101.
1001 11100 1001 11111111 1011111. 0111111011. 11 1101111 6111011011,
1010 111 1. 1110111101 1101111111, 00111 111110 1101011110 11 111110 11111
11111011 01010 ς11111101 0010111100111001 1101111 001111 spectatus).

100111111011111 vanuum, 0111010111 (1011111111 11 1110111101 11011101,
111 611011 11111 11111101, 1111101 1001111011 10101011110111010. 11100.
111011. 11111110.) 11101 111110 11101110 wne, 110 11100 5 1001
001 1110101 1111111011. 110 11110110 wege 00111110.. 1101. 1111110111.
101111. 0. 35. 1111011101 1. 0000 vl, 11. 111111 meminisse
10111101 1111010110 1111111100 1. 11001111 11111. 111111 11111 1110110110
111 111 1110011000 011 1101 0010100100 11010100111010100 110 1011011 &ta
10011001 1001 1111111111. 0111 1101 &nitio 001 01111111 1111111111, 11011

 

