⁸ 11 111111111111111111

111111 111111, 111 11111, 111 11 11111111111111111111 111 1111111111
1111, 1111 Θ1111111111,111111111111111,1111 otiosas et in repub

111 quiescens, 11111111111111111111 11111111 1111111111 111 11111111
11111111111111111111111111111111111111111111111111111111111111111
11111 111111111111111111111111111111 1111111111111111111111111-
111111111111111111 (1111111 11111111 111111ῦ111111111111-1111111111
1111111111Χ1,38.39. 111111 11111111111111Χ1,36.“Χ1111,
61.11111111111111111111111,11111111111111111111111 11111111.
[aaa 111 sapientium amicitiae 11111 1. 1. 111 1111111111 &inueniam
1111111111111 11111111 111111 6111111111 111 1111111111 11 1111111 111
111111111111111 11111111111111111111111111111111111111111 1111111111·
111111111111111 111111111111111(11111111111111111111111111111 1111111
111, 111 11 1111111111111111111111 111111 iiie 1111111111 1111111111
11 11111111, 111 11 1111118111 11 111111 1111111 11111111 11111 11111111 1111,
111 1111111111 111 11111 1111111111 1111111111, 111111111111111111 nenos
1111111111, 111 11111111, 1111 111 1111111 1111111111 -— 1111111111 in
11 1111111 - 1111111111, 111 111111 &tait 111111 111111, 1111, 111
11111 11111 1111111, 11111111 11111111 111111111111111111111111111
1111111111, 1111 1111 1111111, 11111 1111111111 111 11111111 1111111111 Sin:
1111111111 111111111111111111111111111111 111111111111111 111 1111111
1111 1111111 111111111111111111111 fid) 11 1111111111 1111111111 111111
11111111111111111 1111111111 1111 11111111 1111 11111 1111111111
111111111111111111111111111 1111111111 1111111111111111; 111 111
111111111111 einen 9111111111 111 1111111111, 1111111111, naneae
111 11 111111 111111111111111111111111 61111111, 111 11111111 1111111111.
Ubi 1111111111 invenias - anteponat 11111] 1111 111
1111111111 111 1111111111111111111 111- invenias? 111 111-11-
1111111,111111111111111111,1111111111111111111111111111. Ubi
——inveniesi 111111,11111111,111 1111111111111111111,1111111111
111111111111111-1111111111111111,1111 1111111 1111111 1111111,
111 1111111111 111111111111111111111111111--11111 ποῦ eai-
1111111 111111· 11111111111111ε11111ὕ1111.1111111111
1111111111 1111111111111 11111111 1111111 1111111111 (11111111
2111111111 11111111111111111,1111111111 1111111111 11111 111 111
1111111111 11111 111 111111111111111111 1111111111111111111111111
1111111111111 11 1111111111 invenies? 1111111111111111111 quid dines?
1111111111 uid dices? 11111 111111, 1111 1111111111 11111111111111
1111111111 n i invenies? nonnumquam 1111111111 111 1111111 111
1111111111111111111111111, 1111111111 1111111111111111111111
1111111111111 1111111111 111 &inni &tart 111111, 11111 111 11111111
1111111111 1111111911 1111 nusquam invenias 1111 inveneris
1111111111 1111111111 111111111111111111111111 1111111111111111-
nens‘t 1111 11111111 111111 11111111, 111 111 011111111111111111111,
111 111111 nantia. 1111111111. 111111111111111 1111 1111111 111
111111111111161111111111111111111111111),1111111111111111, 1111111
1111 11111111 11111 1111111 111111 (indicium exquirentis), 1111 111111
1111 1111111 11111111111111 111 11111111111111111111111 1111111
(11111111 1111111.111111111 1111111111111111 1. 1. 1111111111),

 

